0000000000000000000000000002100000012000000000000000000000000000 2 3
0000000000000000001200000001200000021000000000000000000000000000 2 2
0000000000000000002100000002100000012000000000000000000000000000 2 1
0000000000000000022200000001110000021000000000000000000000000000 3 5
0000000000000000011100000002220000012000000000000000000000000000 4 5
0000000000000000022200000001210000021100000001000000000000000000 5 5
0000000000000000011100000002120000012200000002000000000000000000 4 6
0000000000000000022200000001210000022210000001010000000000000000 5 7
0000000000000000011100000002120000011120000002020000000000000000 2 5
0000000000000100022201000001210000022110000001010000000000000000 1 5
0000000000000200011102000002120000011220000002020000000000000000 4 7
0000000000000100022201000001210100022211000001010000000000000000 3 7
0000000000000200011102000002120200011122000002020000000000000000 0 5
0000020000000200022202000001111100022211000001010000000000000000 3 6
0000010000000100011101000002222200011122000002020000000000000000 2 6
0000020000000200022202200001121100111111000001010000000000000000 4 2
0000010000000100011101100002212200222222000002020000000000000000 5 6
0000020000000200022212200001112100111211000001210000000000000000 2 4
0000010000000100011121100002221200222122000002120000000000000000 5 1
0000020000000200022222200002112100211111020001110000000100000000 6 7
0000010000000100011111100001221200122222010002220000000200000000 5 2
0000020000000200022222210002211100221111022001110000000100000000 2 7
0000010000000100011111120001122200112222011002220000000200000000 6 6
0000020000000200111111110002212100222121022002210000002100000000 2 0
0000010000000100222222220001121200111212011001120000001200000000 1 3
0000020000020200111221110001222100221121022001210000001100000001 7 7
0000010000010100222112220002111200112212011002120000002200000002 3 1
0000020000020200112221110201222100121121012001211000001100000001 6 0
0000010000010100221112220102111200212212021002122000002200000002 5 0
0000020000020200112221110201222110121121122001211000001100000001 4 0
0000010000010100221112220102111220212212211002122000002200000002 5 3
0001020000010200112121110201222110222121122201211000001100000001 0 3
0002010000020100221212220102111220111212211102122000002200000002 1 1
1001020001010200121121110201222110222121122201211000001100000001 0 0
2002010002020100212212220102111220111212211102122000002200000002 0 1
1111020001010200121121110201222110222121122201211000001100000001 0 2
2222010002020100212212220102111220111212211102122000002200000002 0 4
1111111001020100122111110201222110222121122201211000001100000001 0 6
2222222002010200211222220102111220111212211102122000002200000002 1 6
1111111001020120122112210201122110221121111111211000001100000001 5 4
2222222002010210211221120102211220112212222222122000002200000002 1 4
1111111101022210122111210201122110221121111111211000001100000001 0 7
2222222202011120211222120102211220112212222222122000002200000002 1 7
1111111101022222122111210211122110111121111111211000001100000001 3 2
2222222202011111211222120122211220222212222222122000002200000002 1 2
1111111101222222122211210211222110111221111111111000011100000001 6 5
2222222202111111211122120122111220222112222222222000022200000002 1 0
1111111121222222112211210111222111111221111111111000011100000001 4 1
2222222212111111221122120222111222222112222222222000022200000002 7 5
1111111121222222112211210111222111111221111112111000011100001201 7 4
2222222212111111221122120222111222222112222221222000022200002102 3 0
1111111121222222222211212222222111111221111112111000011100001111 7 6
2222222212111111111122121111111222222112222221222000022200002222 6 1
1111111121222222222211212222122112111221121112111100011110001111 7 0
2222222212111111111122121111211221222112212221222200022220002222 6 4
1111111121222222222221212222222112212211121221111100111110011111 7 3
2222222212111111111112121111111221121122212112222200222220022222 6 2
1111111121222222222221212222221112212111122111111111111110011111 6 3
0000000000000000000000000002100000012000000000000000000000000000 2 3
0000000000000000001200000001200000021000000000000000000000000000 2 2
0000000000000000002100000002100000012000000000000000000000000000 2 1
0000000000000000022200000001110000021000000000000000000000000000 3 5
0000000000000000011100000002220000012000000000000000000000000000 4 5
0000000000000000022200000001210000021100000001000000000000000000 5 5
0000000000000000011100000002120000012200000002000000000000000000 4 6
0000000000000000022200000001210000022210000001010000000000000000 5 7
0000000000000000011100000002120000011120000002020000000000000000 2 5
0000000000000100022201000001210000022110000001010000000000000000 1 5
0000000000000200011102000002120000011220000002020000000000000000 4 7
0000000000000100022201000001210100022211000001010000000000000000 3 7
0000000000000200011102000002120200011122000002020000000000000000 0 5
0000020000000200022202000001111100022211000001010000000000000000 3 6
0000010000000100011101000002222200011122000002020000000000000000 2 6
0000020000000200022202200001121100111111000001010000000000000000 4 2
0000010000000100011101100002212200222222000002020000000000000000 5 6
0000020000000200022212200001112100111211000001210000000000000000 2 4
0000010000000100011121100002221200222122000002120000000000000000 5 1
0000020000000200022222200002112100211111020001110000000100000000 6 7
0000010000000100011111100001221200122222010002220000000200000000 5 2
0000020000000200022222210002211100221111022001110000000100000000 2 7
0000010000000100011111120001122200112222011002220000000200000000 6 6
0000020000000200111111110002212100222121022002210000002100000000 2 0
0000010000000100222222220001121200111212011001120000001200000000 1 3
0000020000020200111221110001222100221121022001210000001100000001 7 7
0000010000010100222112220002111200112212011002120000002200000002 3 1
0000020000020200112221110201222100121121012001211000001100000001 6 0
0000010000010100221112220102111200212212021002122000002200000002 5 0
0000020000020200112221110201222110121121122001211000001100000001 4 0
0000010000010100221112220102111220212212211002122000002200000002 5 3
0001020000010200112121110201222110222121122201211000001100000001 0 3
0002010000020100221212220102111220111212211102122000002200000002 1 1
1001020001010200121121110201222110222121122201211000001100000001 0 0
2002010002020100212212220102111220111212211102122000002200000002 0 1
1111020001010200121121110201222110222121122201211000001100000001 0 2
2222010002020100212212220102111220111212211102122000002200000002 0 4
1111111001020100122111110201222110222121122201211000001100000001 0 6
2222222002010200211222220102111220111212211102122000002200000002 1 6
1111111001020120122112210201122110221121111111211000001100000001 5 4
2222222002010210211221120102211220112212222222122000002200000002 1 4
1111111101022210122111210201122110221121111111211000001100000001 0 7
2222222202011120211222120102211220112212222222122000002200000002 1 7
1111111101022222122111210211122110111121111111211000001100000001 3 2
2222222202011111211222120122211220222212222222122000002200000002 1 2
1111111101222222122211210211222110111221111111111000011100000001 6 5
2222222202111111211122120122111220222112222222222000022200000002 1 0
1111111121222222112211210111222111111221111111111000011100000001 4 1
2222222212111111221122120222111222222112222222222000022200000002 7 5
1111111121222222112211210111222111111221111112111000011100001201 7 4
2222222212111111221122120222111222222112222221222000022200002102 3 0
1111111121222222222211212222222111111221111112111000011100001111 7 6
2222222212111111111122121111111222222112222221222000022200002222 6 1
1111111121222222222211212222122112111221121112111100011110001111 7 0
2222222212111111111122121111211221222112212221222200022220002222 6 4
1111111121222222222221212222222112212211121221111100111110011111 7 3
2222222212111111111112121111111221121122212112222200222220022222 6 2
1111111121222222222221212222221112212111122111111111111110011111 6 3
0000000000000000000000000002100000012000000000000000000000000000 2 3
0000000000000000001200000001200000021000000000000000000000000000 2 2
0000000000000000002100000002100000012000000000000000000000000000 2 1
0000000000000000022200000001110000021000000000000000000000000000 3 5
0000000000000000011100000002220000012000000000000000000000000000 4 5
0000000000000000022200000001210000021100000001000000000000000000 5 5
0000000000000000011100000002120000012200000002000000000000000000 4 6
0000000000000000022200000001210000022210000001010000000000000000 5 7
0000000000000000011100000002120000011120000002020000000000000000 2 5
0000000000000100022201000001210000022110000001010000000000000000 1 5
0000000000000200011102000002120000011220000002020000000000000000 4 7
0000000000000100022201000001210100022211000001010000000000000000 3 7
0000000000000200011102000002120200011122000002020000000000000000 0 5
0000020000000200022202000001111100022211000001010000000000000000 3 6
0000010000000100011101000002222200011122000002020000000000000000 2 6
0000020000000200022202200001121100111111000001010000000000000000 4 2
0000010000000100011101100002212200222222000002020000000000000000 5 6
0000020000000200022212200001112100111211000001210000000000000000 2 4
0000010000000100011121100002221200222122000002120000000000000000 5 1
0000020000000200022222200002112100211111020001110000000100000000 6 7
0000010000000100011111100001221200122222010002220000000200000000 5 2
0000020000000200022222210002211100221111022001110000000100000000 2 7
0000010000000100011111120001122200112222011002220000000200000000 6 6
0000020000000200111111110002212100222121022002210000002100000000 2 0
0000010000000100222222220001121200111212011001120000001200000000 1 3
0000020000020200111221110001222100221121022001210000001100000001 7 7
0000010000010100222112220002111200112212011002120000002200000002 3 1
0000020000020200112221110201222100121121012001211000001100000001 6 0
0000010000010100221112220102111200212212021002122000002200000002 5 0
0000020000020200112221110201222110121121122001211000001100000001 4 0
0000010000010100221112220102111220212212211002122000002200000002 5 3
0001020000010200112121110201222110222121122201211000001100000001 0 3
0002010000020100221212220102111220111212211102122000002200000002 1 1
1001020001010200121121110201222110222121122201211000001100000001 0 0
2002010002020100212212220102111220111212211102122000002200000002 0 1
1111020001010200121121110201222110222121122201211000001100000001 0 2
2222010002020100212212220102111220111212211102122000002200000002 0 4
1111111001020100122111110201222110222121122201211000001100000001 0 6
2222222002010200211222220102111220111212211102122000002200000002 1 6
1111111001020120122112210201122110221121111111211000001100000001 5 4
2222222002010210211221120102211220112212222222122000002200000002 1 4
1111111101022210122111210201122110221121111111211000001100000001 0 7
2222222202011120211222120102211220112212222222122000002200000002 1 7
1111111101022222122111210211122110111121111111211000001100000001 3 2
2222222202011111211222120122211220222212222222122000002200000002 1 2
1111111101222222122211210211222110111221111111111000011100000001 6 5
2222222202111111211122120122111220222112222222222000022200000002 1 0
1111111121222222112211210111222111111221111111111000011100000001 4 1
2222222212111111221122120222111222222112222222222000022200000002 7 5
1111111121222222112211210111222111111221111112111000011100001201 7 4
2222222212111111221122120222111222222112222221222000022200002102 3 0
1111111121222222222211212222222111111221111112111000011100001111 7 6
2222222212111111111122121111111222222112222221222000022200002222 6 1
1111111121222222222211212222122112111221121112111100011110001111 7 0
2222222212111111111122121111211221222112212221222200022220002222 6 4
1111111121222222222221212222222112212211121221111100111110011111 7 3
2222222212111111111112121111111221121122212112222200222220022222 6 2
1111111121222222222221212222221112212111122111111111111110011111 6 3
0000000000000000000000000002100000012000000000000000000000000000 2 3
0000000000000000001200000001200000021000000000000000000000000000 2 2
0000000000000000002100000002100000012000000000000000000000000000 2 1
0000000000000000022200000001110000021000000000000000000000000000 3 5
0000000000000000011100000002220000012000000000000000000000000000 4 5
0000000000000000022200000001210000021100000001000000000000000000 5 5
0000000000000000011100000002120000012200000002000000000000000000 4 6
0000000000000000022200000001210000022210000001010000000000000000 5 7
0000000000000000011100000002120000011120000002020000000000000000 2 5
0000000000000100022201000001210000022110000001010000000000000000 1 5
0000000000000200011102000002120000011220000002020000000000000000 4 7
0000000000000100022201000001210100022211000001010000000000000000 3 7
0000000000000200011102000002120200011122000002020000000000000000 0 5
0000020000000200022202000001111100022211000001010000000000000000 3 6
0000010000000100011101000002222200011122000002020000000000000000 2 6
0000020000000200022202200001121100111111000001010000000000000000 4 2
0000010000000100011101100002212200222222000002020000000000000000 5 6
0000020000000200022212200001112100111211000001210000000000000000 2 4
0000010000000100011121100002221200222122000002120000000000000000 5 1
0000020000000200022222200002112100211111020001110000000100000000 6 7
0000010000000100011111100001221200122222010002220000000200000000 5 2
0000020000000200022222210002211100221111022001110000000100000000 2 7
0000010000000100011111120001122200112222011002220000000200000000 6 6
0000020000000200111111110002212100222121022002210000002100000000 2 0
0000010000000100222222220001121200111212011001120000001200000000 1 3
0000020000020200111221110001222100221121022001210000001100000001 7 7
0000010000010100222112220002111200112212011002120000002200000002 3 1
0000020000020200112221110201222100121121012001211000001100000001 6 0
0000010000010100221112220102111200212212021002122000002200000002 5 0
0000020000020200112221110201222110121121122001211000001100000001 4 0
0000010000010100221112220102111220212212211002122000002200000002 5 3
0001020000010200112121110201222110222121122201211000001100000001 0 3
0002010000020100221212220102111220111212211102122000002200000002 1 1
1001020001010200121121110201222110222121122201211000001100000001 0 0
2002010002020100212212220102111220111212211102122000002200000002 0 1
1111020001010200121121110201222110222121122201211000001100000001 0 2
2222010002020100212212220102111220111212211102122000002200000002 0 4
1111111001020100122111110201222110222121122201211000001100000001 0 6
2222222002010200211222220102111220111212211102122000002200000002 1 6
1111111001020120122112210201122110221121111111211000001100000001 5 4
2222222002010210211221120102211220112212222222122000002200000002 1 4
1111111101022210122111210201122110221121111111211000001100000001 0 7
2222222202011120211222120102211220112212222222122000002200000002 1 7
1111111101022222122111210211122110111121111111211000001100000001 3 2
2222222202011111211222120122211220222212222222122000002200000002 1 2
1111111101222222122211210211222110111221111111111000011100000001 6 5
2222222202111111211122120122111220222112222222222000022200000002 1 0
1111111121222222112211210111222111111221111111111000011100000001 4 1
2222222212111111221122120222111222222112222222222000022200000002 7 5
1111111121222222112211210111222111111221111112111000011100001201 7 4
2222222212111111221122120222111222222112222221222000022200002102 3 0
1111111121222222222211212222222111111221111112111000011100001111 7 6
2222222212111111111122121111111222222112222221222000022200002222 6 1
1111111121222222222211212222122112111221121112111100011110001111 7 0
2222222212111111111122121111211221222112212221222200022220002222 6 4
1111111121222222222221212222222112212211121221111100111110011111 7 3
2222222212111111111112121111111221121122212112222200222220022222 6 2
1111111121222222222221212222221112212111122111111111111110011111 6 3
0000000000000000000000000002100000012000000000000000000000000000 2 3
0000000000000000001200000001200000021000000000000000000000000000 2 2
0000000000000000002100000002100000012000000000000000000000000000 2 1
0000000000000000022200000001110000021000000000000000000000000000 3 5
0000000000000000011100000002220000012000000000000000000000000000 4 5
0000000000000000022200000001210000021100000001000000000000000000 5 5
0000000000000000011100000002120000012200000002000000000000000000 4 6
0000000000000000022200000001210000022210000001010000000000000000 5 7
0000000000000000011100000002120000011120000002020000000000000000 2 5
0000000000000100022201000001210000022110000001010000000000000000 1 5
0000000000000200011102000002120000011220000002020000000000000000 4 7
0000000000000100022201000001210100022211000001010000000000000000 3 7
0000000000000200011102000002120200011122000002020000000000000000 0 5
0000020000000200022202000001111100022211000001010000000000000000 3 6
0000010000000100011101000002222200011122000002020000000000000000 2 6
0000020000000200022202200001121100111111000001010000000000000000 4 2
0000010000000100011101100002212200222222000002020000000000000000 5 6
0000020000000200022212200001112100111211000001210000000000000000 2 4
0000010000000100011121100002221200222122000002120000000000000000 5 1
0000020000000200022222200002112100211111020001110000000100000000 6 7
0000010000000100011111100001221200122222010002220000000200000000 5 2
0000020000000200022222210002211100221111022001110000000100000000 2 7
0000010000000100011111120001122200112222011002220000000200000000 6 6
0000020000000200111111110002212100222121022002210000002100000000 2 0
0000010000000100222222220001121200111212011001120000001200000000 1 3
0000020000020200111221110001222100221121022001210000001100000001 7 7
0000010000010100222112220002111200112212011002120000002200000002 3 1
0000020000020200112221110201222100121121012001211000001100000001 6 0
0000010000010100221112220102111200212212021002122000002200000002 5 0
0000020000020200112221110201222110121121122001211000001100000001 4 0
0000010000010100221112220102111220212212211002122000002200000002 5 3
0001020000010200112121110201222110222121122201211000001100000001 0 3
0002010000020100221212220102111220111212211102122000002200000002 1 1
1001020001010200121121110201222110222121122201211000001100000001 0 0
2002010002020100212212220102111220111212211102122000002200000002 0 1
1111020001010200121121110201222110222121122201211000001100000001 0 2
2222010002020100212212220102111220111212211102122000002200000002 0 4
1111111001020100122111110201222110222121122201211000001100000001 0 6
2222222002010200211222220102111220111212211102122000002200000002 1 6
1111111001020120122112210201122110221121111111211000001100000001 5 4
2222222002010210211221120102211220112212222222122000002200000002 1 4
1111111101022210122111210201122110221121111111211000001100000001 0 7
2222222202011120211222120102211220112212222222122000002200000002 1 7
1111111101022222122111210211122110111121111111211000001100000001 3 2
2222222202011111211222120122211220222212222222122000002200000002 1 2
1111111101222222122211210211222110111221111111111000011100000001 6 5
2222222202111111211122120122111220222112222222222000022200000002 1 0
1111111121222222112211210111222111111221111111111000011100000001 4 1
2222222212111111221122120222111222222112222222222000022200000002 7 5
1111111121222222112211210111222111111221111112111000011100001201 7 4
2222222212111111221122120222111222222112222221222000022200002102 3 0
1111111121222222222211212222222111111221111112111000011100001111 7 6
2222222212111111111122121111111222222112222221222000022200002222 6 1
1111111121222222222211212222122112111221121112111100011110001111 7 0
2222222212111111111122121111211221222112212221222200022220002222 6 4
1111111121222222222221212222222112212211121221111100111110011111 7 3
2222222212111111111112121111111221121122212112222200222220022222 6 2
1111111121222222222221212222221112212111122111111111111110011111 6 3
0000000000000000000000000002100000012000000000000000000000000000 2 3
0000000000000000001200000001200000021000000000000000000000000000 2 2
0000000000000000002100000002100000012000000000000000000000000000 2 1
0000000000000000022200000001110000021000000000000000000000000000 3 5
0000000000000000011100000002220000012000000000000000000000000000 4 5
0000000000000000022200000001210000021100000001000000000000000000 5 5
0000000000000000011100000002120000012200000002000000000000000000 4 6
0000000000000000022200000001210000022210000001010000000000000000 5 7
0000000000000000011100000002120000011120000002020000000000000000 2 5
0000000000000100022201000001210000022110000001010000000000000000 1 5
0000000000000200011102000002120000011220000002020000000000000000 4 7
0000000000000100022201000001210100022211000001010000000000000000 3 7
0000000000000200011102000002120200011122000002020000000000000000 0 5
0000020000000200022202000001111100022211000001010000000000000000 3 6
0000010000000100011101000002222200011122000002020000000000000000 2 6
0000020000000200022202200001121100111111000001010000000000000000 4 2
0000010000000100011101100002212200222222000002020000000000000000 5 6
0000020000000200022212200001112100111211000001210000000000000000 2 4
0000010000000100011121100002221200222122000002120000000000000000 5 1
0000020000000200022222200002112100211111020001110000000100000000 6 7
0000010000000100011111100001221200122222010002220000000200000000 5 2
0000020000000200022222210002211100221111022001110000000100000000 2 7
0000010000000100011111120001122200112222011002220000000200000000 6 6
0000020000000200111111110002212100222121022002210000002100000000 2 0
0000010000000100222222220001121200111212011001120000001200000000 1 3
0000020000020200111221110001222100221121022001210000001100000001 7 7
0000010000010100222112220002111200112212011002120000002200000002 3 1
0000020000020200112221110201222100121121012001211000001100000001 6 0
0000010000010100221112220102111200212212021002122000002200000002 5 0
0000020000020200112221110201222110121121122001211000001100000001 4 0
0000010000010100221112220102111220212212211002122000002200000002 5 3
0001020000010200112121110201222110222121122201211000001100000001 0 3
0002010000020100221212220102111220111212211102122000002200000002 1 1
1001020001010200121121110201222110222121122201211000001100000001 0 0
2002010002020100212212220102111220111212211102122000002200000002 0 1
1111020001010200121121110201222110222121122201211000001100000001 0 2
2222010002020100212212220102111220111212211102122000002200000002 0 4
1111111001020100122111110201222110222121122201211000001100000001 0 6
2222222002010200211222220102111220111212211102122000002200000002 1 6
1111111001020120122112210201122110221121111111211000001100000001 5 4
2222222002010210211221120102211220112212222222122000002200000002 1 4
1111111101022210122111210201122110221121111111211000001100000001 0 7
2222222202011120211222120102211220112212222222122000002200000002 1 7
1111111101022222122111210211122110111121111111211000001100000001 3 2
2222222202011111211222120122211220222212222222122000002200000002 1 2
1111111101222222122211210211222110111221111111111000011100000001 6 5
2222222202111111211122120122111220222112222222222000022200000002 1 0
1111111121222222112211210111222111111221111111111000011100000001 4 1
2222222212111111221122120222111222222112222222222000022200000002 7 5
1111111121222222112211210111222111111221111112111000011100001201 7 4
2222222212111111221122120222111222222112222221222000022200002102 3 0
1111111121222222222211212222222111111221111112111000011100001111 7 6
2222222212111111111122121111111222222112222221222000022200002222 6 1
1111111121222222222211212222122112111221121112111100011110001111 7 0
2222222212111111111122121111211221222112212221222200022220002222 6 4
1111111121222222222221212222222112212211121221111100111110011111 7 3
2222222212111111111112121111111221121122212112222200222220022222 6 2
1111111121222222222221212222221112212111122111111111111110011111 6 3
0000000000000000000000000002100000012000000000000000000000000000 2 3
0000000000000000001200000001200000021000000000000000000000000000 2 2
0000000000000000002100000002100000012000000000000000000000000000 2 1
0000000000000000022200000001110000021000000000000000000000000000 3 5
0000000000000000011100000002220000012000000000000000000000000000 4 5
0000000000000000022200000001210000021100000001000000000000000000 5 5
0000000000000000011100000002120000012200000002000000000000000000 4 6
0000000000000000022200000001210000022210000001010000000000000000 5 7
0000000000000000011100000002120000011120000002020000000000000000 2 5
0000000000000100022201000001210000022110000001010000000000000000 1 5
0000000000000200011102000002120000011220000002020000000000000000 4 7
0000000000000100022201000001210100022211000001010000000000000000 3 7
0000000000000200011102000002120200011122000002020000000000000000 0 5
0000020000000200022202000001111100022211000001010000000000000000 3 6
0000010000000100011101000002222200011122000002020000000000000000 2 6
0000020000000200022202200001121100111111000001010000000000000000 4 2
0000010000000100011101100002212200222222000002020000000000000000 5 6
0000020000000200022212200001112100111211000001210000000000000000 2 4
0000010000000100011121100002221200222122000002120000000000000000 5 1
0000020000000200022222200002112100211111020001110000000100000000 6 7
0000010000000100011111100001221200122222010002220000000200000000 5 2
0000020000000200022222210002211100221111022001110000000100000000 2 7
0000010000000100011111120001122200112222011002220000000200000000 6 6
0000020000000200111111110002212100222121022002210000002100000000 2 0
0000010000000100222222220001121200111212011001120000001200000000 1 3
0000020000020200111221110001222100221121022001210000001100000001 7 7
0000010000010100222112220002111200112212011002120000002200000002 3 1
0000020000020200112221110201222100121121012001211000001100000001 6 0
0000010000010100221112220102111200212212021002122000002200000002 5 0
0000020000020200112221110201222110121121122001211000001100000001 4 0
0000010000010100221112220102111220212212211002122000002200000002 5 3
0001020000010200112121110201222110222121122201211000001100000001 0 3
0002010000020100221212220102111220111212211102122000002200000002 1 1
1001020001010200121121110201222110222121122201211000001100000001 0 0
2002010002020100212212220102111220111212211102122000002200000002 0 1
1111020001010200121121110201222110222121122201211000001100000001 0 2
2222010002020100212212220102111220111212211102122000002200000002 0 4
1111111001020100122111110201222110222121122201211000001100000001 0 6
2222222002010200211222220102111220111212211102122000002200000002 1 6
1111111001020120122112210201122110221121111111211000001100000001 5 4
2222222002010210211221120102211220112212222222122000002200000002 1 4
1111111101022210122111210201122110221121111111211000001100000001 0 7
2222222202011120211222120102211220112212222222122000002200000002 1 7
1111111101022222122111210211122110111121111111211000001100000001 3 2
2222222202011111211222120122211220222212222222122000002200000002 1 2
1111111101222222122211210211222110111221111111111000011100000001 6 5
2222222202111111211122120122111220222112222222222000022200000002 1 0
1111111121222222112211210111222111111221111111111000011100000001 4 1
2222222212111111221122120222111222222112222222222000022200000002 7 5
1111111121222222112211210111222111111221111112111000011100001201 7 4
2222222212111111221122120222111222222112222221222000022200002102 3 0
1111111121222222222211212222222111111221111112111000011100001111 7 6
2222222212111111111122121111111222222112222221222000022200002222 6 1
1111111121222222222211212222122112111221121112111100011110001111 7 0
2222222212111111111122121111211221222112212221222200022220002222 6 4
1111111121222222222221212222222112212211121221111100111110011111 7 3
2222222212111111111112121111111221121122212112222200222220022222 6 2
1111111121222222222221212222221112212111122111111111111110011111 6 3
0000000000000000000000000002100000012000000000000000000000000000 2 3
0000000000000000001200000001200000021000000000000000000000000000 2 2
0000000000000000002100000002100000012000000000000000000000000000 2 1
0000000000000000022200000001110000021000000000000000000000000000 3 5
0000000000000000011100000002220000012000000000000000000000000000 4 5
0000000000000000022200000001210000021100000001000000000000000000 5 5
0000000000000000011100000002120000012200000002000000000000000000 4 6
0000000000000000022200000001210000022210000001010000000000000000 5 7
0000000000000000011100000002120000011120000002020000000000000000 2 5
0000000000000100022201000001210000022110000001010000000000000000 1 5
0000000000000200011102000002120000011220000002020000000000000000 4 7
0000000000000100022201000001210100022211000001010000000000000000 3 7
0000000000000200011102000002120200011122000002020000000000000000 0 5
0000020000000200022202000001111100022211000001010000000000000000 3 6
0000010000000100011101000002222200011122000002020000000000000000 2 6
0000020000000200022202200001121100111111000001010000000000000000 4 2
0000010000000100011101100002212200222222000002020000000000000000 5 6
0000020000000200022212200001112100111211000001210000000000000000 2 4
0000010000000100011121100002221200222122000002120000000000000000 5 1
0000020000000200022222200002112100211111020001110000000100000000 6 7
0000010000000100011111100001221200122222010002220000000200000000 5 2
0000020000000200022222210002211100221111022001110000000100000000 2 7
0000010000000100011111120001122200112222011002220000000200000000 6 6
0000020000000200111111110002212100222121022002210000002100000000 2 0
0000010000000100222222220001121200111212011001120000001200000000 1 3
0000020000020200111221110001222100221121022001210000001100000001 7 7
0000010000010100222112220002111200112212011002120000002200000002 3 1
0000020000020200112221110201222100121121012001211000001100000001 6 0
0000010000010100221112220102111200212212021002122000002200000002 5 0
0000020000020200112221110201222110121121122001211000001100000001 4 0
0000010000010100221112220102111220212212211002122000002200000002 5 3
0001020000010200112121110201222110222121122201211000001100000001 0 3
0002010000020100221212220102111220111212211102122000002200000002 1 1
1001020001010200121121110201222110222121122201211000001100000001 0 0
2002010002020100212212220102111220111212211102122000002200000002 0 1
1111020001010200121121110201222110222121122201211000001100000001 0 2
2222010002020100212212220102111220111212211102122000002200000002 0 4
1111111001020100122111110201222110222121122201211000001100000001 0 6
2222222002010200211222220102111220111212211102122000002200000002 1 6
1111111001020120122112210201122110221121111111211000001100000001 5 4
2222222002010210211221120102211220112212222222122000002200000002 1 4
1111111101022210122111210201122110221121111111211000001100000001 0 7
2222222202011120211222120102211220112212222222122000002200000002 1 7
1111111101022222122111210211122110111121111111211000001100000001 3 2
2222222202011111211222120122211220222212222222122000002200000002 1 2
1111111101222222122211210211222110111221111111111000011100000001 6 5
2222222202111111211122120122111220222112222222222000022200000002 1 0
1111111121222222112211210111222111111221111111111000011100000001 4 1
2222222212111111221122120222111222222112222222222000022200000002 7 5
1111111121222222112211210111222111111221111112111000011100001201 7 4
2222222212111111221122120222111222222112222221222000022200002102 3 0
1111111121222222222211212222222111111221111112111000011100001111 7 6
2222222212111111111122121111111222222112222221222000022200002222 6 1
1111111121222222222211212222122112111221121112111100011110001111 7 0
2222222212111111111122121111211221222112212221222200022220002222 6 4
1111111121222222222221212222222112212211121221111100111110011111 7 3
2222222212111111111112121111111221121122212112222200222220022222 6 2
1111111121222222222221212222221112212111122111111111111110011111 6 3
0000000000000000000000000002100000012000000000000000000000000000 2 3
0000000000000000001200000001200000021000000000000000000000000000 2 2
0000000000000000002100000002100000012000000000000000000000000000 2 1
0000000000000000022200000001110000021000000000000000000000000000 3 5
0000000000000000011100000002220000012000000000000000000000000000 4 5
0000000000000000022200000001210000021100000001000000000000000000 5 5
0000000000000000011100000002120000012200000002000000000000000000 4 6
0000000000000000022200000001210000022210000001010000000000000000 5 7
0000000000000000011100000002120000011120000002020000000000000000 2 5
0000000000000100022201000001210000022110000001010000000000000000 1 5
0000000000000200011102000002120000011220000002020000000000000000 4 7
0000000000000100022201000001210100022211000001010000000000000000 3 7
0000000000000200011102000002120200011122000002020000000000000000 0 5
0000020000000200022202000001111100022211000001010000000000000000 3 6
0000010000000100011101000002222200011122000002020000000000000000 2 6
0000020000000200022202200001121100111111000001010000000000000000 4 2
0000010000000100011101100002212200222222000002020000000000000000 5 6
0000020000000200022212200001112100111211000001210000000000000000 2 4
0000010000000100011121100002221200222122000002120000000000000000 5 1
0000020000000200022222200002112100211111020001110000000100000000 6 7
0000010000000100011111100001221200122222010002220000000200000000 5 2
0000020000000200022222210002211100221111022001110000000100000000 2 7
0000010000000100011111120001122200112222011002220000000200000000 6 6
0000020000000200111111110002212100222121022002210000002100000000 2 0
0000010000000100222222220001121200111212011001120000001200000000 1 3
0000020000020200111221110001222100221121022001210000001100000001 7 7
0000010000010100222112220002111200112212011002120000002200000002 3 1
0000020000020200112221110201222100121121012001211000001100000001 6 0
0000010000010100221112220102111200212212021002122000002200000002 5 0
0000020000020200112221110201222110121121122001211000001100000001 4 0
0000010000010100221112220102111220212212211002122000002200000002 5 3
0001020000010200112121110201222110222121122201211000001100000001 0 3
0002010000020100221212220102111220111212211102122000002200000002 1 1
1001020001010200121121110201222110222121122201211000001100000001 0 0
2002010002020100212212220102111220111212211102122000002200000002 0 1
1111020001010200121121110201222110222121122201211000001100000001 0 2
2222010002020100212212220102111220111212211102122000002200000002 0 4
1111111001020100122111110201222110222121122201211000001100000001 0 6
2222222002010200211222220102111220111212211102122000002200000002 1 6
1111111001020120122112210201122110221121111111211000001100000001 5 4
2222222002010210211221120102211220112212222222122000002200000002 1 4
1111111101022210122111210201122110221121111111211000001100000001 0 7
2222222202011120211222120102211220112212222222122000002200000002 1 7
1111111101022222122111210211122110111121111111211000001100000001 3 2
2222222202011111211222120122211220222212222222122000002200000002 1 2
1111111101222222122211210211222110111221111111111000011100000001 6 5
2222222202111111211122120122111220222112222222222000022200000002 1 0
1111111121222222112211210111222111111221111111111000011100000001 4 1
2222222212111111221122120222111222222112222222222000022200000002 7 5
1111111121222222112211210111222111111221111112111000011100001201 7 4
2222222212111111221122120222111222222112222221222000022200002102 3 0
1111111121222222222211212222222111111221111112111000011100001111 7 6
2222222212111111111122121111111222222112222221222000022200002222 6 1
1111111121222222222211212222122112111221121112111100011110001111 7 0
2222222212111111111122121111211221222112212221222200022220002222 6 4
1111111121222222222221212222222112212211121221111100111110011111 7 3
2222222212111111111112121111111221121122212112222200222220022222 6 2
1111111121222222222221212222221112212111122111111111111110011111 6 3
0000000000000000000000000002100000012000000000000000000000000000 2 3
0000000000000000001200000001200000021000000000000000000000000000 2 2
0000000000000000002100000002100000012000000000000000000000000000 2 1
0000000000000000022200000001110000021000000000000000000000000000 3 5
0000000000000000011100000002220000012000000000000000000000000000 4 5
0000000000000000022200000001210000021100000001000000000000000000 5 5
0000000000000000011100000002120000012200000002000000000000000000 4 6
0000000000000000022200000001210000022210000001010000000000000000 5 7
0000000000000000011100000002120000011120000002020000000000000000 2 5
0000000000000100022201000001210000022110000001010000000000000000 1 5
0000000000000200011102000002120000011220000002020000000000000000 4 7
0000000000000100022201000001210100022211000001010000000000000000 3 7
0000000000000200011102000002120200011122000002020000000000000000 0 5
0000020000000200022202000001111100022211000001010000000000000000 3 6
0000010000000100011101000002222200011122000002020000000000000000 2 6
0000020000000200022202200001121100111111000001010000000000000000 4 2
0000010000000100011101100002212200222222000002020000000000000000 5 6
0000020000000200022212200001112100111211000001210000000000000000 2 4
0000010000000100011121100002221200222122000002120000000000000000 5 1
0000020000000200022222200002112100211111020001110000000100000000 6 7
0000010000000100011111100001221200122222010002220000000200000000 5 2
0000020000000200022222210002211100221111022001110000000100000000 2 7
0000010000000100011111120001122200112222011002220000000200000000 6 6
0000020000000200111111110002212100222121022002210000002100000000 2 0
0000010000000100222222220001121200111212011001120000001200000000 1 3
0000020000020200111221110001222100221121022001210000001100000001 7 7
0000010000010100222112220002111200112212011002120000002200000002 3 1
0000020000020200112221110201222100121121012001211000001100000001 6 0
0000010000010100221112220102111200212212021002122000002200000002 5 0
0000020000020200112221110201222110121121122001211000001100000001 4 0
0000010000010100221112220102111220212212211002122000002200000002 5 3
0001020000010200112121110201222110222121122201211000001100000001 0 3
0002010000020100221212220102111220111212211102122000002200000002 1 1
1001020001010200121121110201222110222121122201211000001100000001 0 0
2002010002020100212212220102111220111212211102122000002200000002 0 1
1111020001010200121121110201222110222121122201211000001100000001 0 2
2222010002020100212212220102111220111212211102122000002200000002 0 4
1111111001020100122111110201222110222121122201211000001100000001 0 6
2222222002010200211222220102111220111212211102122000002200000002 1 6
1111111001020120122112210201122110221121111111211000001100000001 5 4
2222222002010210211221120102211220112212222222122000002200000002 1 4
1111111101022210122111210201122110221121111111211000001100000001 0 7
2222222202011120211222120102211220112212222222122000002200000002 1 7
1111111101022222122111210211122110111121111111211000001100000001 3 2
2222222202011111211222120122211220222212222222122000002200000002 1 2
1111111101222222122211210211222110111221111111111000011100000001 6 5
2222222202111111211122120122111220222112222222222000022200000002 1 0
1111111121222222112211210111222111111221111111111000011100000001 4 1
2222222212111111221122120222111222222112222222222000022200000002 7 5
1111111121222222112211210111222111111221111112111000011100001201 7 4
2222222212111111221122120222111222222112222221222000022200002102 3 0
1111111121222222222211212222222111111221111112111000011100001111 7 6
2222222212111111111122121111111222222112222221222000022200002222 6 1
1111111121222222222211212222122112111221121112111100011110001111 7 0
2222222212111111111122121111211221222112212221222200022220002222 6 4
1111111121222222222221212222222112212211121221111100111110011111 7 3
2222222212111111111112121111111221121122212112222200222220022222 6 2
1111111121222222222221212222221112212111122111111111111110011111 6 3
0000000000000000000100000001100000012000000000000000000000000000 2 3
0000000000000000000200000002200000021000000000000000000000000000 2 2
0000000000000000011100000002100000012000000000000000000000000000 2 1
0000000000000000022200000001200000021000000000000000000000000000 1 1
0000000002000000012100000011100000012000000000000000000000000000 3 2
0000000001000000021200000022200000021000000000000000000000000000 2 0
1000000001000000221100000011100000012000000000000000000000000000 0 0
2000000002000000112200000022200000021000000000000000000000000000 2 4
1000000011000000212220000011200000012000000000000000000000000000 1 0
2000000022000000121110000022100000021000000000000000000000000000 0 2
1020000012000000112220001011200000012000000000000000000000000000 3 0
2010000021000000221110002022100000021000000000000000000000000000 4 1
1020000012000000111111001021100002012000000000000000000000000000 2 5
2010000021000000222222002012200001021000000000000000000000000000 1 4
1120000011002000111221001021200002012000000000000000000000000000 0 1
2210000022001000222112002012100001021000000000000000000000000000 5 3
1111000011001000111221001022200002022000000200000000000000000000 0 3
2222000022002000222112002011100001011000000100000000000000000000 0 5
1111020011002000111221001012200002012000000210000000000000000000 5 4
2222010022001000222112002021100001021000000120000000000000000000 1 6
1111020111002010111221001012100002012000000210000000000000000000 0 7
2222010222001020222112002021200001021000000120000000000000000000 2 7
1111120111001020111211021012100002012000000210000000000000000000 0 4
2222210222002010222122012021200001021000000120000000000000000000 2 6
1111111111001020111222221012100002012000000210000000000000000000 0 6
2222222222002010222111112021200001021000000120000000000000000000 3 1
1111111111001020111122221212100001012000100210000000000000000000 5 0
2222222222002010222211112121200002021000200120000000000000000000 1 3
1111111111011020111222221112100011012000100210000000000000000000 4 0
2222222222022010222111112221200022021000200120000000000000000000 4 5
1111111111011020111212221111110011012200100210000000000000000000 3 5
2222222222022010222121112222220022021100200120000000000000000000 6 3
1111111111011021111212121111110011012200100220000002000000000000 1 7
2222222222022012222121212222220022021100200110000001000000000000 4 2
1111111111011021111212111111110111222200100220000002000000000000 3 7
2222222222022012222121222222220222111100200110000001000000000000 1 5
1111111111011221111122111111110111212200100120000001000000010000 7 3
2222222222022112222211222222220222121100200210000002000000020000 1 2
1111111111122221111222111111210111112200101120000001000000010000 5 2
2222222222211112222111222222120222221100202210000002000000020000 5 1
1111111111122121111212111111210111112200112220001001000000010000 6 0
2222222222211212222121222222120222221100221110002002000000020000 7 2
1111111111122121111212111111210111112200112220001002000001110000 7 1
2222222222211212222121222222120222221100221110002001000002220000 3 6
1111111111122121111212211111222111112200111220001001000001111000 7 4
0000000000000000000100000001100000012000000000000000000000000000 2 3
0000000000000000000200000002200000021000000000000000000000000000 2 2
0000000000000000011100000002100000012000000000000000000000000000 2 1
0000000000000000022200000001200000021000000000000000000000000000 1 1
0000000002000000012100000011100000012000000000000000000000000000 3 2
0000000001000000021200000022200000021000000000000000000000000000 2 0
1000000001000000221100000011100000012000000000000000000000000000 0 0
2000000002000000112200000022200000021000000000000000000000000000 2 4
1000000011000000212220000011200000012000000000000000000000000000 1 0
2000000022000000121110000022100000021000000000000000000000000000 0 2
1020000012000000112220001011200000012000000000000000000000000000 3 0
2010000021000000221110002022100000021000000000000000000000000000 4 1
1020000012000000111111001021100002012000000000000000000000000000 2 5
2010000021000000222222002012200001021000000000000000000000000000 1 4
1120000011002000111221001021200002012000000000000000000000000000 0 1
2210000022001000222112002012100001021000000000000000000000000000 5 3
1111000011001000111221001022200002022000000200000000000000000000 0 3
2222000022002000222112002011100001011000000100000000000000000000 0 5
1111020011002000111221001012200002012000000210000000000000000000 5 4
2222010022001000222112002021100001021000000120000000000000000000 1 6
1111020111002010111221001012100002012000000210000000000000000000 0 7
2222010222001020222112002021200001021000000120000000000000000000 2 7
1111120111001020111211021012100002012000000210000000000000000000 0 4
2222210222002010222122012021200001021000000120000000000000000000 2 6
1111111111001020111222221012100002012000000210000000000000000000 0 6
2222222222002010222111112021200001021000000120000000000000000000 3 1
1111111111001020111122221212100001012000100210000000000000000000 5 0
2222222222002010222211112121200002021000200120000000000000000000 1 3
1111111111011020111222221112100011012000100210000000000000000000 4 0
2222222222022010222111112221200022021000200120000000000000000000 4 5
1111111111011020111212221111110011012200100210000000000000000000 3 5
2222222222022010222121112222220022021100200120000000000000000000 6 3
1111111111011021111212121111110011012200100220000002000000000000 1 7
2222222222022012222121212222220022021100200110000001000000000000 4 2
1111111111011021111212111111110111222200100220000002000000000000 3 7
2222222222022012222121222222220222111100200110000001000000000000 1 5
1111111111011221111122111111110111212200100120000001000000010000 7 3
2222222222022112222211222222220222121100200210000002000000020000 1 2
1111111111122221111222111111210111112200101120000001000000010000 5 2
2222222222211112222111222222120222221100202210000002000000020000 5 1
1111111111122121111212111111210111112200112220001001000000010000 6 0
2222222222211212222121222222120222221100221110002002000000020000 7 2
1111111111122121111212111111210111112200112220001002000001110000 7 1
2222222222211212222121222222120222221100221110002001000002220000 3 6
1111111111122121111212211111222111112200111220001001000001111000 7 4
0000000000000000000100000001100000012000000000000000000000000000 2 3
0000000000000000000200000002200000021000000000000000000000000000 2 2
0000000000000000011100000002100000012000000000000000000000000000 2 1
0000000000000000022200000001200000021000000000000000000000000000 1 1
0000000002000000012100000011100000012000000000000000000000000000 3 2
0000000001000000021200000022200000021000000000000000000000000000 2 0
1000000001000000221100000011100000012000000000000000000000000000 0 0
2000000002000000112200000022200000021000000000000000000000000000 2 4
1000000011000000212220000011200000012000000000000000000000000000 1 0
2000000022000000121110000022100000021000000000000000000000000000 0 2
1020000012000000112220001011200000012000000000000000000000000000 3 0
2010000021000000221110002022100000021000000000000000000000000000 4 1
1020000012000000111111001021100002012000000000000000000000000000 2 5
2010000021000000222222002012200001021000000000000000000000000000 1 4
1120000011002000111221001021200002012000000000000000000000000000 0 1
2210000022001000222112002012100001021000000000000000000000000000 5 3
1111000011001000111221001022200002022000000200000000000000000000 0 3
2222000022002000222112002011100001011000000100000000000000000000 0 5
1111020011002000111221001012200002012000000210000000000000000000 5 4
2222010022001000222112002021100001021000000120000000000000000000 1 6
1111020111002010111221001012100002012000000210000000000000000000 0 7
2222010222001020222112002021200001021000000120000000000000000000 2 7
1111120111001020111211021012100002012000000210000000000000000000 0 4
2222210222002010222122012021200001021000000120000000000000000000 2 6
1111111111001020111222221012100002012000000210000000000000000000 0 6
2222222222002010222111112021200001021000000120000000000000000000 3 1
1111111111001020111122221212100001012000100210000000000000000000 5 0
2222222222002010222211112121200002021000200120000000000000000000 1 3
1111111111011020111222221112100011012000100210000000000000000000 4 0
2222222222022010222111112221200022021000200120000000000000000000 4 5
1111111111011020111212221111110011012200100210000000000000000000 3 5
2222222222022010222121112222220022021100200120000000000000000000 6 3
1111111111011021111212121111110011012200100220000002000000000000 1 7
2222222222022012222121212222220022021100200110000001000000000000 4 2
1111111111011021111212111111110111222200100220000002000000000000 3 7
2222222222022012222121222222220222111100200110000001000000000000 1 5
1111111111011221111122111111110111212200100120000001000000010000 7 3
2222222222022112222211222222220222121100200210000002000000020000 1 2
1111111111122221111222111111210111112200101120000001000000010000 5 2
2222222222211112222111222222120222221100202210000002000000020000 5 1
1111111111122121111212111111210111112200112220001001000000010000 6 0
2222222222211212222121222222120222221100221110002002000000020000 7 2
1111111111122121111212111111210111112200112220001002000001110000 7 1
2222222222211212222121222222120222221100221110002001000002220000 3 6
1111111111122121111212211111222111112200111220001001000001111000 7 4
0000000000000000000100000001100000012000000000000000000000000000 2 3
0000000000000000000200000002200000021000000000000000000000000000 2 2
0000000000000000011100000002100000012000000000000000000000000000 2 1
0000000000000000022200000001200000021000000000000000000000000000 1 1
0000000002000000012100000011100000012000000000000000000000000000 3 2
0000000001000000021200000022200000021000000000000000000000000000 2 0
1000000001000000221100000011100000012000000000000000000000000000 0 0
2000000002000000112200000022200000021000000000000000000000000000 2 4
1000000011000000212220000011200000012000000000000000000000000000 1 0
2000000022000000121110000022100000021000000000000000000000000000 0 2
1020000012000000112220001011200000012000000000000000000000000000 3 0
2010000021000000221110002022100000021000000000000000000000000000 4 1
1020000012000000111111001021100002012000000000000000000000000000 2 5
2010000021000000222222002012200001021000000000000000000000000000 1 4
1120000011002000111221001021200002012000000000000000000000000000 0 1
2210000022001000222112002012100001021000000000000000000000000000 5 3
1111000011001000111221001022200002022000000200000000000000000000 0 3
2222000022002000222112002011100001011000000100000000000000000000 0 5
1111020011002000111221001012200002012000000210000000000000000000 5 4
2222010022001000222112002021100001021000000120000000000000000000 1 6
1111020111002010111221001012100002012000000210000000000000000000 0 7
2222010222001020222112002021200001021000000120000000000000000000 2 7
1111120111001020111211021012100002012000000210000000000000000000 0 4
2222210222002010222122012021200001021000000120000000000000000000 2 6
1111111111001020111222221012100002012000000210000000000000000000 0 6
2222222222002010222111112021200001021000000120000000000000000000 3 1
1111111111001020111122221212100001012000100210000000000000000000 5 0
2222222222002010222211112121200002021000200120000000000000000000 1 3
1111111111011020111222221112100011012000100210000000000000000000 4 0
2222222222022010222111112221200022021000200120000000000000000000 4 5
1111111111011020111212221111110011012200100210000000000000000000 3 5
2222222222022010222121112222220022021100200120000000000000000000 6 3
1111111111011021111212121111110011012200100220000002000000000000 1 7
2222222222022012222121212222220022021100200110000001000000000000 4 2
1111111111011021111212111111110111222200100220000002000000000000 3 7
2222222222022012222121222222220222111100200110000001000000000000 1 5
1111111111011221111122111111110111212200100120000001000000010000 7 3
2222222222022112222211222222220222121100200210000002000000020000 1 2
1111111111122221111222111111210111112200101120000001000000010000 5 2
2222222222211112222111222222120222221100202210000002000000020000 5 1
1111111111122121111212111111210111112200112220001001000000010000 6 0
2222222222211212222121222222120222221100221110002002000000020000 7 2
1111111111122121111212111111210111112200112220001002000001110000 7 1
2222222222211212222121222222120222221100221110002001000002220000 3 6
1111111111122121111212211111222111112200111220001001000001111000 7 4
0000000000000000000100000001100000012000000000000000000000000000 2 3
0000000000000000000200000002200000021000000000000000000000000000 2 2
0000000000000000011100000002100000012000000000000000000000000000 2 1
0000000000000000022200000001200000021000000000000000000000000000 1 1
0000000002000000012100000011100000012000000000000000000000000000 3 2
0000000001000000021200000022200000021000000000000000000000000000 2 0
1000000001000000221100000011100000012000000000000000000000000000 0 0
2000000002000000112200000022200000021000000000000000000000000000 2 4
1000000011000000212220000011200000012000000000000000000000000000 1 0
2000000022000000121110000022100000021000000000000000000000000000 0 2
1020000012000000112220001011200000012000000000000000000000000000 3 0
2010000021000000221110002022100000021000000000000000000000000000 4 1
1020000012000000111111001021100002012000000000000000000000000000 2 5
2010000021000000222222002012200001021000000000000000000000000000 1 4
1120000011002000111221001021200002012000000000000000000000000000 0 1
2210000022001000222112002012100001021000000000000000000000000000 5 3
1111000011001000111221001022200002022000000200000000000000000000 0 3
2222000022002000222112002011100001011000000100000000000000000000 0 5
1111020011002000111221001012200002012000000210000000000000000000 5 4
2222010022001000222112002021100001021000000120000000000000000000 1 6
1111020111002010111221001012100002012000000210000000000000000000 0 7
2222010222001020222112002021200001021000000120000000000000000000 2 7
1111120111001020111211021012100002012000000210000000000000000000 0 4
2222210222002010222122012021200001021000000120000000000000000000 2 6
1111111111001020111222221012100002012000000210000000000000000000 0 6
2222222222002010222111112021200001021000000120000000000000000000 3 1
1111111111001020111122221212100001012000100210000000000000000000 5 0
2222222222002010222211112121200002021000200120000000000000000000 1 3
1111111111011020111222221112100011012000100210000000000000000000 4 0
2222222222022010222111112221200022021000200120000000000000000000 4 5
1111111111011020111212221111110011012200100210000000000000000000 3 5
2222222222022010222121112222220022021100200120000000000000000000 6 3
1111111111011021111212121111110011012200100220000002000000000000 1 7
2222222222022012222121212222220022021100200110000001000000000000 4 2
1111111111011021111212111111110111222200100220000002000000000000 3 7
2222222222022012222121222222220222111100200110000001000000000000 1 5
1111111111011221111122111111110111212200100120000001000000010000 7 3
2222222222022112222211222222220222121100200210000002000000020000 1 2
1111111111122221111222111111210111112200101120000001000000010000 5 2
2222222222211112222111222222120222221100202210000002000000020000 5 1
1111111111122121111212111111210111112200112220001001000000010000 6 0
2222222222211212222121222222120222221100221110002002000000020000 7 2
1111111111122121111212111111210111112200112220001002000001110000 7 1
2222222222211212222121222222120222221100221110002001000002220000 3 6
1111111111122121111212211111222111112200111220001001000001111000 7 4
0000000000000000000100000001100000012000000000000000000000000000 2 3
0000000000000000000200000002200000021000000000000000000000000000 2 2
0000000000000000011100000002100000012000000000000000000000000000 2 1
0000000000000000022200000001200000021000000000000000000000000000 1 1
0000000002000000012100000011100000012000000000000000000000000000 3 2
0000000001000000021200000022200000021000000000000000000000000000 2 0
1000000001000000221100000011100000012000000000000000000000000000 0 0
2000000002000000112200000022200000021000000000000000000000000000 2 4
1000000011000000212220000011200000012000000000000000000000000000 1 0
2000000022000000121110000022100000021000000000000000000000000000 0 2
1020000012000000112220001011200000012000000000000000000000000000 3 0
2010000021000000221110002022100000021000000000000000000000000000 4 1
1020000012000000111111001021100002012000000000000000000000000000 2 5
2010000021000000222222002012200001021000000000000000000000000000 1 4
1120000011002000111221001021200002012000000000000000000000000000 0 1
2210000022001000222112002012100001021000000000000000000000000000 5 3
1111000011001000111221001022200002022000000200000000000000000000 0 3
2222000022002000222112002011100001011000000100000000000000000000 0 5
1111020011002000111221001012200002012000000210000000000000000000 5 4
2222010022001000222112002021100001021000000120000000000000000000 1 6
1111020111002010111221001012100002012000000210000000000000000000 0 7
2222010222001020222112002021200001021000000120000000000000000000 2 7
1111120111001020111211021012100002012000000210000000000000000000 0 4
2222210222002010222122012021200001021000000120000000000000000000 2 6
1111111111001020111222221012100002012000000210000000000000000000 0 6
2222222222002010222111112021200001021000000120000000000000000000 3 1
1111111111001020111122221212100001012000100210000000000000000000 5 0
2222222222002010222211112121200002021000200120000000000000000000 1 3
1111111111011020111222221112100011012000100210000000000000000000 4 0
2222222222022010222111112221200022021000200120000000000000000000 4 5
1111111111011020111212221111110011012200100210000000000000000000 3 5
2222222222022010222121112222220022021100200120000000000000000000 6 3
1111111111011021111212121111110011012200100220000002000000000000 1 7
2222222222022012222121212222220022021100200110000001000000000000 4 2
1111111111011021111212111111110111222200100220000002000000000000 3 7
2222222222022012222121222222220222111100200110000001000000000000 1 5
1111111111011221111122111111110111212200100120000001000000010000 7 3
2222222222022112222211222222220222121100200210000002000000020000 1 2
1111111111122221111222111111210111112200101120000001000000010000 5 2
2222222222211112222111222222120222221100202210000002000000020000 5 1
1111111111122121111212111111210111112200112220001001000000010000 6 0
2222222222211212222121222222120222221100221110002002000000020000 7 2
1111111111122121111212111111210111112200112220001002000001110000 7 1
2222222222211212222121222222120222221100221110002001000002220000 3 6
1111111111122121111212211111222111112200111220001001000001111000 7 4
0000000000000000000100000001100000012000000000000000000000000000 2 3
0000000000000000000200000002200000021000000000000000000000000000 2 2
0000000000000000011100000002100000012000000000000000000000000000 2 1
0000000000000000022200000001200000021000000000000000000000000000 1 1
0000000002000000012100000011100000012000000000000000000000000000 3 2
0000000001000000021200000022200000021000000000000000000000000000 2 0
1000000001000000221100000011100000012000000000000000000000000000 0 0
2000000002000000112200000022200000021000000000000000000000000000 2 4
1000000011000000212220000011200000012000000000000000000000000000 1 0
2000000022000000121110000022100000021000000000000000000000000000 0 2
1020000012000000112220001011200000012000000000000000000000000000 3 0
2010000021000000221110002022100000021000000000000000000000000000 4 1
1020000012000000111111001021100002012000000000000000000000000000 2 5
2010000021000000222222002012200001021000000000000000000000000000 1 4
1120000011002000111221001021200002012000000000000000000000000000 0 1
2210000022001000222112002012100001021000000000000000000000000000 5 3
1111000011001000111221001022200002022000000200000000000000000000 0 3
2222000022002000222112002011100001011000000100000000000000000000 0 5
1111020011002000111221001012200002012000000210000000000000000000 5 4
2222010022001000222112002021100001021000000120000000000000000000 1 6
1111020111002010111221001012100002012000000210000000000000000000 0 7
2222010222001020222112002021200001021000000120000000000000000000 2 7
1111120111001020111211021012100002012000000210000000000000000000 0 4
2222210222002010222122012021200001021000000120000000000000000000 2 6
1111111111001020111222221012100002012000000210000000000000000000 0 6
2222222222002010222111112021200001021000000120000000000000000000 3 1
1111111111001020111122221212100001012000100210000000000000000000 5 0
2222222222002010222211112121200002021000200120000000000000000000 1 3
1111111111011020111222221112100011012000100210000000000000000000 4 0
2222222222022010222111112221200022021000200120000000000000000000 4 5
1111111111011020111212221111110011012200100210000000000000000000 3 5
2222222222022010222121112222220022021100200120000000000000000000 6 3
1111111111011021111212121111110011012200100220000002000000000000 1 7
2222222222022012222121212222220022021100200110000001000000000000 4 2
1111111111011021111212111111110111222200100220000002000000000000 3 7
2222222222022012222121222222220222111100200110000001000000000000 1 5
1111111111011221111122111111110111212200100120000001000000010000 7 3
2222222222022112222211222222220222121100200210000002000000020000 1 2
1111111111122221111222111111210111112200101120000001000000010000 5 2
2222222222211112222111222222120222221100202210000002000000020000 5 1
1111111111122121111212111111210111112200112220001001000000010000 6 0
2222222222211212222121222222120222221100221110002002000000020000 7 2
1111111111122121111212111111210111112200112220001002000001110000 7 1
2222222222211212222121222222120222221100221110002001000002220000 3 6
1111111111122121111212211111222111112200111220001001000001111000 7 4
0000000000000000000100000001100000012000000000000000000000000000 2 3
0000000000000000000200000002200000021000000000000000000000000000 2 2
0000000000000000011100000002100000012000000000000000000000000000 2 1
0000000000000000022200000001200000021000000000000000000000000000 1 1
0000000002000000012100000011100000012000000000000000000000000000 3 2
0000000001000000021200000022200000021000000000000000000000000000 2 0
1000000001000000221100000011100000012000000000000000000000000000 0 0
2000000002000000112200000022200000021000000000000000000000000000 2 4
1000000011000000212220000011200000012000000000000000000000000000 1 0
2000000022000000121110000022100000021000000000000000000000000000 0 2
1020000012000000112220001011200000012000000000000000000000000000 3 0
2010000021000000221110002022100000021000000000000000000000000000 4 1
1020000012000000111111001021100002012000000000000000000000000000 2 5
2010000021000000222222002012200001021000000000000000000000000000 1 4
1120000011002000111221001021200002012000000000000000000000000000 0 1
2210000022001000222112002012100001021000000000000000000000000000 5 3
1111000011001000111221001022200002022000000200000000000000000000 0 3
2222000022002000222112002011100001011000000100000000000000000000 0 5
1111020011002000111221001012200002012000000210000000000000000000 5 4
2222010022001000222112002021100001021000000120000000000000000000 1 6
1111020111002010111221001012100002012000000210000000000000000000 0 7
2222010222001020222112002021200001021000000120000000000000000000 2 7
1111120111001020111211021012100002012000000210000000000000000000 0 4
2222210222002010222122012021200001021000000120000000000000000000 2 6
1111111111001020111222221012100002012000000210000000000000000000 0 6
2222222222002010222111112021200001021000000120000000000000000000 3 1
1111111111001020111122221212100001012000100210000000000000000000 5 0
2222222222002010222211112121200002021000200120000000000000000000 1 3
1111111111011020111222221112100011012000100210000000000000000000 4 0
2222222222022010222111112221200022021000200120000000000000000000 4 5
1111111111011020111212221111110011012200100210000000000000000000 3 5
2222222222022010222121112222220022021100200120000000000000000000 6 3
1111111111011021111212121111110011012200100220000002000000000000 1 7
2222222222022012222121212222220022021100200110000001000000000000 4 2
1111111111011021111212111111110111222200100220000002000000000000 3 7
2222222222022012222121222222220222111100200110000001000000000000 1 5
1111111111011221111122111111110111212200100120000001000000010000 7 3
2222222222022112222211222222220222121100200210000002000000020000 1 2
1111111111122221111222111111210111112200101120000001000000010000 5 2
2222222222211112222111222222120222221100202210000002000000020000 5 1
1111111111122121111212111111210111112200112220001001000000010000 6 0
2222222222211212222121222222120222221100221110002002000000020000 7 2
1111111111122121111212111111210111112200112220001002000001110000 7 1
2222222222211212222121222222120222221100221110002001000002220000 3 6
1111111111122121111212211111222111112200111220001001000001111000 7 4
0000000000000000000100000001100000012000000000000000000000000000 2 3
0000000000000000000200000002200000021000000000000000000000000000 2 2
0000000000000000011100000002100000012000000000000000000000000000 2 1
0000000000000000022200000001200000021000000000000000000000000000 1 1
0000000002000000012100000011100000012000000000000000000000000000 3 2
0000000001000000021200000022200000021000000000000000000000000000 2 0
1000000001000000221100000011100000012000000000000000000000000000 0 0
2000000002000000112200000022200000021000000000000000000000000000 2 4
1000000011000000212220000011200000012000000000000000000000000000 1 0
2000000022000000121110000022100000021000000000000000000000000000 0 2
1020000012000000112220001011200000012000000000000000000000000000 3 0
2010000021000000221110002022100000021000000000000000000000000000 4 1
1020000012000000111111001021100002012000000000000000000000000000 2 5
2010000021000000222222002012200001021000000000000000000000000000 1 4
1120000011002000111221001021200002012000000000000000000000000000 0 1
2210000022001000222112002012100001021000000000000000000000000000 5 3
1111000011001000111221001022200002022000000200000000000000000000 0 3
2222000022002000222112002011100001011000000100000000000000000000 0 5
1111020011002000111221001012200002012000000210000000000000000000 5 4
2222010022001000222112002021100001021000000120000000000000000000 1 6
1111020111002010111221001012100002012000000210000000000000000000 0 7
2222010222001020222112002021200001021000000120000000000000000000 2 7
1111120111001020111211021012100002012000000210000000000000000000 0 4
2222210222002010222122012021200001021000000120000000000000000000 2 6
1111111111001020111222221012100002012000000210000000000000000000 0 6
2222222222002010222111112021200001021000000120000000000000000000 3 1
1111111111001020111122221212100001012000100210000000000000000000 5 0
2222222222002010222211112121200002021000200120000000000000000000 1 3
1111111111011020111222221112100011012000100210000000000000000000 4 0
2222222222022010222111112221200022021000200120000000000000000000 4 5
1111111111011020111212221111110011012200100210000000000000000000 3 5
2222222222022010222121112222220022021100200120000000000000000000 6 3
1111111111011021111212121111110011012200100220000002000000000000 1 7
2222222222022012222121212222220022021100200110000001000000000000 4 2
1111111111011021111212111111110111222200100220000002000000000000 3 7
2222222222022012222121222222220222111100200110000001000000000000 1 5
1111111111011221111122111111110111212200100120000001000000010000 7 3
2222222222022112222211222222220222121100200210000002000000020000 1 2
1111111111122221111222111111210111112200101120000001000000010000 5 2
2222222222211112222111222222120222221100202210000002000000020000 5 1
1111111111122121111212111111210111112200112220001001000000010000 6 0
2222222222211212222121222222120222221100221110002002000000020000 7 2
1111111111122121111212111111210111112200112220001002000001110000 7 1
2222222222211212222121222222120222221100221110002001000002220000 3 6
1111111111122121111212211111222111112200111220001001000001111000 7 4
0000000000000000000100000001100000012000000000000000000000000000 2 3
0000000000000000000200000002200000021000000000000000000000000000 2 2
0000000000000000011100000002100000012000000000000000000000000000 2 1
0000000000000000022200000001200000021000000000000000000000000000 1 1
0000000002000000012100000011100000012000000000000000000000000000 3 2
0000000001000000021200000022200000021000000000000000000000000000 2 0
1000000001000000221100000011100000012000000000000000000000000000 0 0
2000000002000000112200000022200000021000000000000000000000000000 2 4
1000000011000000212220000011200000012000000000000000000000000000 1 0
2000000022000000121110000022100000021000000000000000000000000000 0 2
1020000012000000112220001011200000012000000000000000000000000000 3 0
2010000021000000221110002022100000021000000000000000000000000000 4 1
1020000012000000111111001021100002012000000000000000000000000000 2 5
2010000021000000222222002012200001021000000000000000000000000000 1 4
1120000011002000111221001021200002012000000000000000000000000000 0 1
2210000022001000222112002012100001021000000000000000000000000000 5 3
1111000011001000111221001022200002022000000200000000000000000000 0 3
2222000022002000222112002011100001011000000100000000000000000000 0 5
1111020011002000111221001012200002012000000210000000000000000000 5 4
2222010022001000222112002021100001021000000120000000000000000000 1 6
1111020111002010111221001012100002012000000210000000000000000000 0 7
2222010222001020222112002021200001021000000120000000000000000000 2 7
1111120111001020111211021012100002012000000210000000000000000000 0 4
2222210222002010222122012021200001021000000120000000000000000000 2 6
1111111111001020111222221012100002012000000210000000000000000000 0 6
2222222222002010222111112021200001021000000120000000000000000000 3 1
1111111111001020111122221212100001012000100210000000000000000000 5 0
2222222222002010222211112121200002021000200120000000000000000000 1 3
1111111111011020111222221112100011012000100210000000000000000000 4 0
2222222222022010222111112221200022021000200120000000000000000000 4 5
1111111111011020111212221111110011012200100210000000000000000000 3 5
2222222222022010222121112222220022021100200120000000000000000000 6 3
1111111111011021111212121111110011012200100220000002000000000000 1 7
2222222222022012222121212222220022021100200110000001000000000000 4 2
1111111111011021111212111111110111222200100220000002000000000000 3 7
2222222222022012222121222222220222111100200110000001000000000000 1 5
1111111111011221111122111111110111212200100120000001000000010000 7 3
2222222222022112222211222222220222121100200210000002000000020000 1 2
1111111111122221111222111111210111112200101120000001000000010000 5 2
2222222222211112222111222222120222221100202210000002000000020000 5 1
1111111111122121111212111111210111112200112220001001000000010000 6 0
2222222222211212222121222222120222221100221110002002000000020000 7 2
1111111111122121111212111111210111112200112220001002000001110000 7 1
2222222222211212222121222222120222221100221110002001000002220000 3 6
1111111111122121111212211111222111112200111220001001000001111000 7 4
