0000000000000000001200000001200000021000000000000000000000000000 2 2
0000000000000000022200000001110000021000000000000000000000000000 3 5
0000000000000000022200000001210000021100000001000000000000000000 5 5
0000000000000000022200000001210000022210000001010000000000000000 5 7
0000000000000100022201000001210000022110000001010000000000000000 1 5
0000000000000100022201000001210100022211000001010000000000000000 3 7
0000020000000200022202000001111100022211000001010000000000000000 3 6
0000020000000200022202200001121100111111000001010000000000000000 4 2
0000020000000200022212200001112100111211000001210000000000000000 2 4
0000020000000200022222200002112100211111020001110000000100000000 6 7
0000020000000200022222210002211100221111022001110000000100000000 2 7
0000020000000200111111110002212100222121022002210000002100000000 2 0
0000020000020200111221110001222100221121022001210000001100000001 7 7
0000020000020200112221110201222100121121012001211000001100000001 6 0
0000020000020200112221110201222110121121122001211000001100000001 4 0
0001020000010200112121110201222110222121122201211000001100000001 0 3
1001020001010200121121110201222110222121122201211000001100000001 0 0
1111020001010200121121110201222110222121122201211000001100000001 0 2
1111111001020100122111110201222110222121122201211000001100000001 0 6
1111111001020120122112210201122110221121111111211000001100000001 5 4
1111111101022210122111210201122110221121111111211000001100000001 0 7
1111111101022222122111210211122110111121111111211000001100000001 3 2
1111111101222222122211210211222110111221111111111000011100000001 6 5
1111111121222222112211210111222111111221111111111000011100000001 4 1
1111111121222222112211210111222111111221111112111000011100001201 7 4
1111111121222222222211212222222111111221111112111000011100001111 7 6
1111111121222222222211212222122112111221121112111100011110001111 7 0
1111111121222222222221212222222112212211121221111100111110011111 7 3
1111111121222222222221212222221112212111122111111111111110011111 6 3
0000000000000000000100000001100000012000000000000000000000000000 2 3
0000000000000000011100000002100000012000000000000000000000000000 2 1
0000000002000000012100000011100000012000000000000000000000000000 3 2
1000000001000000221100000011100000012000000000000000000000000000 0 0
1000000011000000212220000011200000012000000000000000000000000000 1 0
1020000012000000112220001011200000012000000000000000000000000000 3 0
1020000012000000111111001021100002012000000000000000000000000000 2 5
1120000011002000111221001021200002012000000000000000000000000000 0 1
1111000011001000111221001022200002022000000200000000000000000000 0 3
1111020011002000111221001012200002012000000210000000000000000000 5 4
1111020111002010111221001012100002012000000210000000000000000000 0 7
1111120111001020111211021012100002012000000210000000000000000000 0 4
1111111111001020111222221012100002012000000210000000000000000000 0 6
1111111111001020111122221212100001012000100210000000000000000000 5 0
1111111111011020111222221112100011012000100210000000000000000000 4 0
1111111111011020111212221111110011012200100210000000000000000000 3 5
1111111111011021111212121111110011012200100220000002000000000000 1 7
1111111111011021111212111111110111222200100220000002000000000000 3 7
1111111111011221111122111111110111212200100120000001000000010000 7 3
1111111111122221111222111111210111112200101120000001000000010000 5 2
1111111111122121111212111111210111112200112220001001000000010000 6 0
1111111111122121111212111111210111112200112220001002000001110000 7 1
1111111111122121111212211111222111112200111220001001000001111000 7 4
1111111111122121111211211111212111121100111111001201000001111000 5 5
1111111111122121111211211111212111121200111111201101000011111000 7 0
1111111111122121111121211111122111121120111111101101000111111000 6 7
1111111111122121111121211111122111122120111111101121100111111000 6 4
1111111111122121111121211111122111121120111111201121101111111001 7 7
1111111111122121111121211111112111121120111121201122111111111101 7 5
1111111111122121111121211111111111121111111121101122112111111121 4 7
0000000000000000000200000002200000111000000000000000000000000000 4 2
0000000000010000000100000001200000211000020000000000000000000000 1 3
0000000000010000000100000001200000122200010000001000000000000000 6 0
0002000000020000000200000002200000111110010000001000000000000000 4 6
0002000000120000000100000002100000112110010002001000000000000000 1 2
0002000000120000000100000002100000111222010012001000000000000000 5 4
0202000000220000000210000001100000111222010012001000000000000000 2 4
0202000000220000000222000001100000111122010011101000000000000000 5 6
0202000000220000000222000001200000111222010011111000000200000000 5 7
0202000000220000000222000022200000111222010011111000000100000001 7 7
0202000000220000000222000022200100121221010022211000020100000001 3 7
0202000000220000000222000022200111111221010022211000020100000001 4 0
0202000000220000000222000022200112111221210012211000010100000011 7 6
0202000000220000000222000022200112121221211111111000010100000011 5 2
0202000000220000001222000011200112121221222111111200010100000011 2 2
0202000000220000001222000011200112111221222121111201010100010011 7 3
0202000010220000012222000011200112111221222111111201010100010011 1 0
0202000010220000222222000011200112111221221111111101010110010011 7 0
0202000010220000122222001021200111211221221111111121010110010011 3 0
0212000010120000121222001011200111112221221222111122210110010011 0 2
2211100020110000221222002011200121112221221222111122210110010011 0 4
2211100020110000221222002222200122212221221222111121210110011011 7 4
2222220020110000221222002222200122212221221222111111210110111011 7 2
2222220020111000221212002222100122211221221212111221110112111011 1 4
2222220020121100221211002221210122112121211211111221110112111011 1 5
2222220022221100222211002222211122112111211211111221110112111011 3 6
2222222022221110222221002222211122112111211211111221110112111011 1 6
2222222122222212222221002222211122112111211211111221110112111011 0 7
2222222122222221222222212222221122112111211211111221110112111011 2 7
0000000000000000000000000011100000012000000000000000000000000000 3 2
0000000000000000002000000012100000011000000010000000000000000000 5 4
0000000000000000002000001111100000011000000010000000000000000000 3 0
0000000000000000002000001211100010011000100010000000000000000000 5 0
0000000000000000002000001212100010011100100012000000000000000000 4 5
0000000000000000002000001211111010011100100012000000000000000000 3 6
0000000000000000002000011222221210011100100012000000000000000000 2 7
0000000000000002002100021221121210011100100012000000000000000000 2 3
0000000000000002002100021221121210012100100112000001000000000000 6 3
0000000000000002002100021221122210012200100122000001000000210000 7 3
0000000000000002002100021221122210012100100111100001000000222000 5 6
0000100000010002001200021122122210022100100211100002000000222000 0 4
0000100000010002001200021122122210022100100222120002000100222000 6 7
0000100002010002002200021122122210022101100222110002000100222000 4 7
0000100002010002002200021122122210012102101111120002000200222002 5 2
0000100002010002002200021122122210021202101112220002120200222002 6 4
0000100002010002002220021122222210022202101122220002120200222102 7 5
0000100002011002002210021122122210021202101112220002120200222222 1 4
1020100001021002001220021121122210021202101112220002120200222222 0 0
1020100001021002001120021112122211111202101212220002220200222222 4 1
1020100012021002101120021212122211211202101212220002220200222222 1 0
1021100012211002102120021221222211211202101212220002220200222222 0 3
1022220012212002102210021221212211211112101212220002220200222222 4 6
1022220012212002102222021221222211111212111212220002220200222222 5 1
1022220012212002102222021222222211211212121212221002220210222222 7 0
1022220012212002102222021222222211211212122112221012220211222222 7 1
1022220012211102102212021221222211111212112112221222220211222222 1 5
1022221012211102102212221221222211111212112112221222220211222222 0 6
1022222212211102111112221111222211111212112112221222220211222222 2 1
1122222211122222111112221111222211111212112112221222220211222222 0 1
0000000000000000000210000002100000021000000000000000000000000000 2 4
0000000000001000000212000002100000021000000000000000000000000000 1 4
0002100000001000000212000002100000021000000000000000000000000000 0 4
0002220000002000001112000001100000021000000000000000000000000000 2 2
0012220000012000001212000002100000021000000000000000000000000000 0 2
0222220000012000001112000001100000011000000100000000000000000000 5 3
0222220000022000002111100201100000011000000100000000000000000000 2 6
0222220000022100002212220201100000011000000100000000000000000000 1 5
0222220000022100002212120201200100021000002100000000000000000000 3 7
0222220000022100002211120201110200021002002100000000000000000000 3 5
0222220000022220011112120201210200021002002100000000000000000000 2 1
0222220000022220222222120201210200111002002100000000000000000000 4 2
0222220100022210222221120222110200211002002100000000000000000000 0 7
0222220100022210222221120222120200212202001100000100000000000000 6 1
0222220100022221222221210222120100212201001100010100000000000000 5 7
0222220100022221222222210222220100222201011100010200000020000000 5 1
0222220100022221222222210222220102222201111100010200000020000000 5 0
0222220100022221222222211222220101222201121100012200000020000000 3 0
0222220100111111221222212212220122122201221100012200000020000000 1 2
0222220100211111222222112222210122221201222100012210000021000000 7 1
0222220100211111222222112222210122221101222101012220000022200000 5 5
0222220100211111222212112222110122221101222112012220002022200000 5 4
0222220100212111222122112221210122212101222112012221202022200000 6 3
0222220110222111212222112212210122212101222212012222202022220000 1 0
0222220112222111222222112212210122212101222212012222102022221000 7 4
2222220122222111222222112212210122212101222211012222112022221000 6 5
2222222122222211222222112212210122212101222211012222111022221001 7 7
2222222122222221222222212212222122211111222221012222111022221001 4 6
2222222122222221222222212212222122211111222211012222212222221011 7 6
0000000000000000000000000002100000011100000000000000000000000000 4 5
0000000000000000000000000002100000111100000200000000000000000000 4 2
0000000000000000001000000201100000211100000200000000000000000000 2 2
0000000000020000002000000201100000211100000100000010000000000000 6 2
0000000000020000102000000101100000122220000100000010000000000000 2 0
0000100000010000101000000101100002222220000100000010000000000000 0 4
0000100002010000102100000101100002212220000100000010000000000000 2 3
0000100002010000102220000102200002211111000100000010000000000000 4 7
0000100002010000102220000102200011112111000102000010000000000000 4 0
0000100002010000102220010102200111112121000102000010000000000000 2 7
0000100002010000102210010102210111211121020102000010000000000000 3 5
1020100001020000101220010101220111211121020102000010000000000000 0 0
1020100001020000101220010101220111221121111102000010000000000000 5 0
1021100001010000101120010101220111221121112102000020000000200000 0 3
1022220001010000101110010101210111221111112102010020000000200000 5 7
1022220001010000101110012101210112221111112102010010000000210000 7 3
1022220021010000201110012101210112221111112102010010000001110000 7 1
1022220021010000221110012211210111121111111102010010000001110000 3 2
1022220021010000221110012211210112111111122112010210000001110000 5 4
1022220021020000221210012212210112121111112212011222000001110000 6 0
1022220021120000221110012212110122121111212212012222000021110000 1 2
1022220021120000221110012212110122121111212111012222100022222000 6 4
1022220021122000221220012222210122122111212121012222100022222100 7 5
1022220021122000221111012222210122122111212121012222220022222100 2 5
1022220021111100221111012222210122122111212121012222220022222220 1 5
1022222021111110221121012222210122122111212121012222220022222220 1 6
1022222221111111221122012222210122122111212121012222220022222220 1 7
1022222221111221221121212222221122122111212121012222220022222220 3 6
1022222221111221221121212222122122122121212122112222220122222220 6 7
1022222221111222221121222221122222121122212121122222221222222222 6 6
0000000000000000000200000002200000111000000000000000000000000000 4 2
0000000000010000000100000001200000211000020000000000000000000000 1 3
0000000000010000000100000001200000122200010000001000000000000000 6 0
0002000000020000000200000002200000111110010000001000000000000000 4 6
0002000000120000000100000002100000112110010002001000000000000000 1 2
0002000000120000000100000011100000112222010002001000000000000000 3 2
0202000000220000000200000011110000112222010002001000000000000000 3 5
0202000000220000000200200011120000111222010012001000000000000000 5 4
0202000000220000000200200021111002222122010012001000000000000000 3 6
0202000000220000000202200021111102222222010012001000000000000000 3 7
0202000000220000000202220021112202222212010012011000000000000000 5 7
0202000000220000000202220021112211111112010012021000000200000000 4 0
0202000000220000000202220022122211121112010111021000100200000000 6 4
0202000000220001000202120022212211121222010111221000100200000000 1 7
0202000200220002000211120021112211121222010111221000100200000000 2 4
0212000200210022000212220021212211121222010111221000100200000000 0 2
1112000200210022000212220021212211122222010121221000200200002000 0 0
1111100200210022000212220021212212122222210121221000200200002000 0 4
1111100200222022000222220021212212122222210121221000100200012000 7 3
1111100200222022000222220021212212122222220121221200100200011100 7 5
1111100200222122000211220021212212122222220121222200100220011100 1 5
1111112200222122000221220022212212222222220121222200100220011100 0 5
1111112200222122000221220111112212122222220122222200120220011100 3 1
1111112200222122100221222122222222122222220122222200120220011100 2 0
1111112200112122101111222112222222122222220222222202220220011100 2 2
1111112200112122122222222222222222122222221222222201220220011100 5 2
1111112220112122222222222222222222122222221222222201111220011100 6 6
1111112220112122222222222222222222122222221222222201122220011111 7 7
1111112221222122212222222122222221122222211222222101122221011111 7 1
0000000000000000000000000002100000011100000000000000000000000000 4 5
0000000000000000000000000002100000111100000200000000000000000000 4 2
0000000000000000001000000201100000211100000200000000000000000000 2 2
0000000000020000002000000201100000211100000100000001000000000000 6 3
0000000000020000102000000102100000112100000102000001000000000000 2 0
0000100000010000101000000102100000122100000202000002000000020000 0 4
0000100002010000102010000101100000122100000202000002000000020000 2 4
1000100001012000101020000101200000122100000202000002000000020000 0 0
1020100001021000101010000101100000121100000212000002000000020000 5 4
1020100001021000102010000201100020121100000212000001000000120000 7 2
1020100001022200102010000201100020121100000212000001000000111000 7 4
1020100001022200102020000201200020122100000122000001100000111100 7 5
1020101001022100102010000201200020122100000222000021100000111100 0 6
1020101001022220102010000201110020122100000222000021100000111100 3 5
1020101001022220102010000201110022221100000122000011100001111100 7 1
1020101001022220102012000201111022221100000112000011100001111100 3 6
1020101101022210102011000201112022221102000112000011100001111100 0 7
1020101101022221102011010201111022221102000112000011100001111100 2 7
1020101101022221102021010201121122222212000111000011100001111100 3 7
1020101101022221102021010201121122222221000111010011100101111100 6 7
1021101101011221102121010201221122212221000111010011100101111100 0 3
1111101101222221102221010201221122212221000111010011100101111100 0 1
1111101101222221102221011201221121222221001111010011100101111100 3 0
1111101112222221102221011201221111222221101111010011100101111100 5 0
1111101112222221102221011201221112122221111111011011100101111100 6 0
1111101112122221102121011201121112122111111111111011110101111100 5 6
1111101112122221102121011201121112122111111121111011120101111111 7 7
1111101112122221102121011201121112112111121121111122220111111111 7 0
1111111112121111102121011201121112112111121122111122222111111111 0 5
1111111112121111102121111222211112221111122122111122222111111111 2 6
0000000000000000000210000002100000021000000000000000000000000000 2 4
0000000000001000000212000002100000021000000000000000000000000000 1 4
0002100000001000000212000002100000021000000000000000000000000000 0 4
0002220000002000001112000001100000021000000000000000000000000000 2 2
0012220000012000001212000002100000021000000000000000000000000000 0 2
0222220000012000001112000001100000011000000100000000000000000000 5 3
0222220000022000011112000201100000011000000100000000000000000000 2 1
0222220000122000222122000201100000011000000100000000000000000000 1 2
0222220000222000222222000201110000011200000100000000000000000000 3 5
0222220000222000222222000202110000222100000101000000000000000000 5 5
0222220000222000222222100202110000221200000102000000020000000000 2 6
0222220000222000222222100202222001111200000102000000020000000000 4 1
0222220000222000222222100202221022222210000102000000020000000000 4 6
0222220000222000222222100202221022222212000102100000020000000000 5 6
0222220000222000222222100202222222222222000102100000010000001000 7 4
0222220000222100222221100202212222222122000101200000010200001000 1 5
0222220000222200222222100202222222222222000102200000020200001110 7 6
0222220000222202222222200202222222222222000112200000010200001110 5 4
0222220000222202222222200212222222212222002212200000010200001110 3 2
0222220000222202222222201112222221212222001222200001010200001110 3 0
0222220000222202222222201212222211212222122222200001010200001110 5 0
0222220000222202222222212212221221212122222212202001010200001110 2 7
0222220100222201222222212212221221212122222222202001210200001110 0 7
0222220100222201222222212212221121212121222222212001221200001110 5 7
0222220100222201222222212212221121212111222221212001122200011112 7 3
0222220100222201222222112212211121111111221121212011122200222222 6 2
0222221100222121222212212211212121111121221121212011122200222222 0 6
1111111100222121222212212211222121112121221221212021122202222222 0 0
1111111100222111222211212211122121112121221221212121122212222222 7 0
1111111110222111112211211211122111112121121221211121122212222222 1 0
0000000000000000000000000011100000012000000000000000000000000000 3 2
0000000000000000002000000012100000011000000010000000000000000000 5 4
0000000000000000002000001111100000011000000010000000000000000000 3 0
0000000000000000002000001211100010011000100010000000000000000000 5 0
0000000000000000002100001211100010012000100012000000000000000000 2 3
0000000000000000011100001211100010212000100012000000000000000000 2 1
0000000002000000111100001212100010212000100012000000000000000000 2 0
0001000002100000112100001222100010212000100012000000000000000000 0 3
1001000012100000122100001222100010212000100012000000000000000000 0 0
1111000012100000122100001222100010212000100012000000000000000000 0 1
1111100012210000121200001122100010212000100012000000000000000000 0 4
1111100012210000121100001121100010212000100122000001000000000000 6 3
1111100012222000121200001121100010211100100112000001000000000000 4 5
1111100012122000121100001121100010211100100112100001000100000000 6 7
1111100012122000121200001122100010221100100212100001000100120000 7 2
1111100012122000121200001122100010222220100212100001000100111000 7 4
1111100012122000121200001122100010222221100212210001000100111000 4 7
1111100012122000121202001122200011111111100212210001000100111000 4 1
1111100012122000121202011122200111111121100212210001000100111000 2 7
1111110012121000121102011112200111221121102212210001000100111000 0 5
1111110012122100121101011111110111221111102212210001000100111000 3 5
1111110012122100122211011111110111121111111112210001000100111000 5 1
1111110012122100122211011121110111221111112112210011000101111000 7 1
1111110012122100122211111122212111221121112112210011000101111000 2 6
1111111012122120122212211122212111221121112112210011000101111000 0 6
1111111012122120122212211221212112121121112112211111000101111000 6 0
1111111012122120122212211221212112121121112111111211010121111000 6 5
1111111012122120122212211221222112121221112112111211010122222210 7 6
1111111012122111122212211221222112222221112222111222210122222210 1 7
1111111012122111122212211221222112221221112221111222211122222222 6 6
0000000000000000000200000002200000111000000000000000000000000000 4 2
0000000000010000000100000001200000211000020000000000000000000000 1 3
0000000000010000000100000001200000122200010000001000000000000000 6 0
0002000000020000000200000002200000111110010000001000000000000000 4 6
0002000000120000000100000002100000112110010002001000000000000000 1 2
0002000000120000000100000002100000111222010012001000000000000000 5 4
0202000000220000000210000001100000111222010012001000000000000000 2 4
0202000000220000000222000001100000111122010011101000000000000000 5 6
0202000000220000000222000001200000111222010011111000000200000000 5 7
0202000000220000000222000022200000111222010011111000000100000001 7 7
0202000000220000000222000022200100121221010022211000020100000001 3 7
0202000000220000000222000022200111111221010022211000020100000001 4 0
0202000000220000000222000022200112111221210012211000010100000011 7 6
0202000000220000000222000022200112121221211111111000010100000011 5 2
0202000000220000001222000011200112121221222111111200010100000011 2 2
0202000000220000001222000011200112111221222121111201010100010011 7 3
0202000010220000012222000011200112111221222111111201010100010011 1 0
0202000010220000222222000011200112111221221111111101010110010011 7 0
0202000010220000122222001021200111211221221111111121010110010011 3 0
0212000010120000121222001011200111112221221222111122210110010011 0 2
2211100020110000221222002011200121112221221222111122210110010011 0 4
2211100020110000221222002222200122212221221222111121210110011011 7 4
2222220020110000221222002222200122212221221222111111210110111011 7 2
2222220020111000221212002222100122211221221212111221110112111011 1 4
2222220020121100221211002221210122112121211211111221110112111011 1 5
2222220022221100222211002222211122112111211211111221110112111011 3 6
2222222022221110222221002222211122112111211211111221110112111011 1 6
2222222122222212222221002222211122112111211211111221110112111011 0 7
2222222122222221222222212222221122112111211211111221110112111011 2 7
